Sample	FastQC_mqc-generalstats-fastqc-percent_duplicates	FastQC_mqc-generalstats-fastqc-percent_gc	FastQC_mqc-generalstats-fastqc-avg_sequence_length	FastQC_mqc-generalstats-fastqc-median_sequence_length	FastQC_mqc-generalstats-fastqc-percent_fails	FastQC_mqc-generalstats-fastqc-total_sequences
13915_11671_187921_KTY92_Plate1_A06_B4_TTCCAAGG_CCTTGTAG_R1	82.3213221137401	57.0	251.0	251	36.36363636363637	204642.0
13915_11671_187921_KTY92_Plate1_A06_B4_TTCCAAGG_CCTTGTAG_R2	86.02095366542548	55.0	251.0	251	27.27272727272727	204642.0
13915_11671_187921_KTY92_Plate1_A07_G2_CGCATGAT_TCAGGCTT_R1	85.64922348226078	55.0	251.0	251	27.27272727272727	175656.0
13915_11671_187921_KTY92_Plate1_A07_G2_CGCATGAT_TCAGGCTT_R2	88.5753973675821	53.0	251.0	251	27.27272727272727	175656.0
13915_11671_187921_KTY92_Plate1_A08_G10_ACGGAACA_GTTCTCGT_R1	83.26418402614927	56.0	251.0	251	36.36363636363637	138589.0
13915_11671_187921_KTY92_Plate1_A08_G10_ACGGAACA_GTTCTCGT_R2	84.22674238215154	55.0	251.0	251	36.36363636363637	138589.0
13915_11671_187921_KTY92_Plate1_A09_G18_CGGCTAAT_AGAACGAG_R1	84.59961057846351	57.0	251.0	251	27.27272727272727	202865.0
13915_11671_187921_KTY92_Plate1_A09_G18_CGGCTAAT_AGAACGAG_R2	86.62854607744066	55.0	251.0	251	27.27272727272727	202865.0
13915_11671_187921_KTY92_Plate1_A10_G26_ATCGATCG_TGCTTCCA_R1	84.76982987103365	57.0	251.0	251	36.36363636363637	202611.0
13915_11671_187921_KTY92_Plate1_A10_G26_ATCGATCG_TGCTTCCA_R2	86.61079605746973	55.0	251.0	251	27.27272727272727	202611.0
13915_11671_187921_KTY92_Plate1_A11_G34_GCAAGATC_CTTCGACT_R1	86.17690884119989	56.0	251.0	251	36.36363636363637	188583.0
13915_11671_187921_KTY92_Plate1_A11_G34_GCAAGATC_CTTCGACT_R2	89.06741328751797	53.0	251.0	251	36.36363636363637	188583.0
13915_11671_187921_KTY92_Plate1_A12_V2_GCTATCCT_CACCTGTT_R1	75.60377653747848	57.0	251.0	251	36.36363636363637	19171.0
13915_11671_187921_KTY92_Plate1_A12_V2_GCTATCCT_CACCTGTT_R2	79.19774659642168	54.0	251.0	251	27.27272727272727	19171.0
13915_11671_187921_KTY92_Plate1_B06_B5_AACTGAGC_CCTGATTG_R1	85.07692834869616	58.0	251.0	251	36.36363636363637	204281.0
13915_11671_187921_KTY92_Plate1_B06_B5_AACTGAGC_CCTGATTG_R2	87.6914642086146	55.0	251.0	251	27.27272727272727	204281.0
13915_11671_187921_KTY92_Plate1_B07_G3_CTTAGGAC_GTAGGAGT_R1	88.32436322204398	56.0	251.0	251	36.36363636363637	200109.0
13915_11671_187921_KTY92_Plate1_B07_G3_CTTAGGAC_GTAGGAGT_R2	89.77657176838623	54.0	251.0	251	36.36363636363637	200109.0
13915_11671_187921_KTY92_Plate1_B08_G11_GTGCCATA_ACTAGGAG_R1	77.51046025104603	56.0	251.0	251	36.36363636363637	956.0
13915_11671_187921_KTY92_Plate1_B08_G11_GTGCCATA_ACTAGGAG_R2	77.71966527196653	55.0	251.0	251	27.27272727272727	956.0
13915_11671_187921_KTY92_Plate1_B09_G19_GAATCCGA_CACTAGCT_R1	85.80054867502932	57.0	251.0	251	36.36363636363637	201212.0
13915_11671_187921_KTY92_Plate1_B09_G19_GAATCCGA_CACTAGCT_R2	88.01910422837604	55.0	251.0	251	27.27272727272727	201212.0
13915_11671_187921_KTY92_Plate1_B10_G27_TCGCTGTT_ACGACTTG_R1	85.7273246445981	57.0	251.0	251	36.36363636363637	196116.0
13915_11671_187921_KTY92_Plate1_B10_G27_TCGCTGTT_ACGACTTG_R2	88.65620347141487	55.0	251.0	251	27.27272727272727	196116.0
13915_11671_187921_KTY92_Plate1_B11_G35_TTCGTTGG_CGTGTGTA_R1	85.4784408350898	58.0	251.0	251	36.36363636363637	209702.0
13915_11671_187921_KTY92_Plate1_B11_G35_TTCGTTGG_CGTGTGTA_R2	84.79652077710274	55.0	251.0	251	27.27272727272727	209702.0
13915_11671_187921_KTY92_Plate1_B12_V3_AAGCACTG_GTTGACCT_R1	85.47478210688007	57.0	251.0	251	36.36363636363637	235666.0
13915_11671_187921_KTY92_Plate1_B12_V3_AAGCACTG_GTTGACCT_R2	85.32244787113966	55.0	251.0	251	27.27272727272727	235666.0
13915_11671_187921_KTY92_Plate1_C06_B6_GCGTCATT_AACGTCTG_R1	83.45275369961439	58.0	251.0	251	36.36363636363637	151705.0
13915_11671_187921_KTY92_Plate1_C06_B6_GCGTCATT_AACGTCTG_R2	87.9542533205893	55.0	251.0	251	27.27272727272727	151705.0
13915_11671_187921_KTY92_Plate1_C07_G4_ATCCGGTA_TATCGGTC_R1	63.267012661219226	57.0	251.0	251	36.36363636363637	110021.0
13915_11671_187921_KTY92_Plate1_C07_G4_ATCCGGTA_TATCGGTC_R2	82.7732887357868	55.0	251.0	251	27.27272727272727	110021.0
13915_11671_187921_KTY92_Plate1_C08_G12_CGTTGCAA_CGCTCTAT_R1	82.7548453224003	56.0	251.0	251	36.36363636363637	171712.0
13915_11671_187921_KTY92_Plate1_C08_G12_CGTTGCAA_CGCTCTAT_R2	88.77597372344391	54.0	251.0	251	27.27272727272727	171712.0
13915_11671_187921_KTY92_Plate1_C09_G20_GTGAAGTG_GATTGCTC_R1	71.87326481353475	57.0	251.0	251	36.36363636363637	88247.0
13915_11671_187921_KTY92_Plate1_C09_G20_GTGAAGTG_GATTGCTC_R2	83.60737475494918	55.0	251.0	251	27.27272727272727	88247.0
13915_11671_187921_KTY92_Plate1_C10_G28_CATGGCTA_GATGTGTG_R1	86.65552897960454	55.0	251.0	251	27.27272727272727	192739.0
13915_11671_187921_KTY92_Plate1_C10_G28_CATGGCTA_GATGTGTG_R2	87.43741536481978	53.0	251.0	251	36.36363636363637	192739.0
13915_11671_187921_KTY92_Plate1_C11_M1_ATGCCTGT_CGCAATCT_R1	83.06345031972126	58.0	251.0	251	36.36363636363637	149818.0
13915_11671_187921_KTY92_Plate1_C11_M1_ATGCCTGT_CGCAATCT_R2	86.05307773431764	55.0	251.0	251	27.27272727272727	149818.0
13915_11671_187921_KTY92_Plate1_C12_V4_CAACACCT_TGGTAGCT_R1	83.94794441200071	57.0	251.0	251	27.27272727272727	210621.0
13915_11671_187921_KTY92_Plate1_C12_V4_CAACACCT_TGGTAGCT_R2	87.59525403449798	55.0	251.0	251	27.27272727272727	210621.0
13915_11671_187921_KTY92_Plate1_D06_B7_CGGTTGTT_CATACCAC_R1	76.84633357072354	58.0	251.0	251	45.45454545454545	160074.0
13915_11671_187921_KTY92_Plate1_D06_B7_CGGTTGTT_CATACCAC_R2	87.88060522008571	55.0	251.0	251	27.27272727272727	160074.0
13915_11671_187921_KTY92_Plate1_D07_G5_ACTGAGGT_CTGTTGAC_R1	85.8892676339538	57.0	251.0	251	36.36363636363637	168099.0
13915_11671_187921_KTY92_Plate1_D07_G5_ACTGAGGT_CTGTTGAC_R2	87.82265212761527	55.0	251.0	251	27.27272727272727	168099.0
13915_11671_187921_KTY92_Plate1_D08_G13_TGAAGACG_TGGCATGT_R1	87.0204081632653	54.0	251.0	251	36.36363636363637	182525.0
13915_11671_187921_KTY92_Plate1_D08_G13_TGAAGACG_TGGCATGT_R2	90.03478975482811	52.0	251.0	251	36.36363636363637	182525.0
13915_11671_187921_KTY92_Plate1_D09_G21_GTTACGCA_ATCGCCAT_R1	86.83188123900851	56.0	251.0	251	27.27272727272727	198449.0
13915_11671_187921_KTY92_Plate1_D09_G21_GTTACGCA_ATCGCCAT_R2	88.22468241210588	54.0	251.0	251	36.36363636363637	198449.0
13915_11671_187921_KTY92_Plate1_D10_G29_AGCGTGTT_TTGCGAAG_R1	88.95618481859138	55.0	251.0	251	36.36363636363637	120529.0
13915_11671_187921_KTY92_Plate1_D10_G29_AGCGTGTT_TTGCGAAG_R2	89.59503521973964	54.0	251.0	251	36.36363636363637	120529.0
13915_11671_187921_KTY92_Plate1_D11_M2_GATCGAGT_AGTTCGTC_R1	55.97570235383447	55.0	251.0	251	45.45454545454545	52680.0
13915_11671_187921_KTY92_Plate1_D11_M2_GATCGAGT_AGTTCGTC_R2	45.83143507972666	54.0	251.0	251	36.36363636363637	52680.0
13915_11671_187921_KTY92_Plate1_D12_V5_ACAGCTCA_GAGCAGTA_R1	83.01615595441713	56.0	251.0	251	36.36363636363637	194108.0
13915_11671_187921_KTY92_Plate1_D12_V5_ACAGCTCA_GAGCAGTA_R2	87.74857295938344	54.0	251.0	251	36.36363636363637	194108.0
13915_11671_187921_KTY92_Plate1_E06_B8_CTGTTGAC_ACTGAGGT_R1	78.77980145392011	57.0	251.0	251	27.27272727272727	127930.0
13915_11671_187921_KTY92_Plate1_E06_B8_CTGTTGAC_ACTGAGGT_R2	87.2883608223247	55.0	251.0	251	27.27272727272727	127930.0
13915_11671_187921_KTY92_Plate1_E07_G6_CATACCAC_CGGTTGTT_R1	82.714522275203	58.0	251.0	251	27.27272727272727	200492.0
13915_11671_187921_KTY92_Plate1_E07_G6_CATACCAC_CGGTTGTT_R2	87.65736288729725	55.0	251.0	251	27.27272727272727	200492.0
13915_11671_187921_KTY92_Plate1_E08_G14_GAAGTTGG_GTTGTTCG_R1	86.70608285570873	56.0	251.0	251	36.36363636363637	171334.0
13915_11671_187921_KTY92_Plate1_E08_G14_GAAGTTGG_GTTGTTCG_R2	87.14207337714639	54.0	251.0	251	36.36363636363637	171334.0
13915_11671_187921_KTY92_Plate1_E09_G22_ATGACGTC_GAAGGAAG_R1	86.9144502673988	55.0	251.0	251	36.36363636363637	167727.0
13915_11671_187921_KTY92_Plate1_E09_G22_ATGACGTC_GAAGGAAG_R2	88.9183017641763	52.0	251.0	251	36.36363636363637	167727.0
13915_11671_187921_KTY92_Plate1_E10_G30_TTGGACGT_AGCACTTC_R1	79.7029589330395	56.0	251.0	251	36.36363636363637	130689.0
13915_11671_187921_KTY92_Plate1_E10_G30_TTGGACGT_AGCACTTC_R2	89.33116023536793	54.0	251.0	251	36.36363636363637	130689.0
13915_11671_187921_KTY92_Plate1_E11_M3_AGTGGATC_GTCATCGA_R1	87.55706426313941	57.0	251.0	251	36.36363636363637	187946.0
13915_11671_187921_KTY92_Plate1_E11_M3_AGTGGATC_GTCATCGA_R2	87.1894054675279	55.0	251.0	251	27.27272727272727	187946.0
13915_11671_187921_KTY92_Plate1_E12_S1_GATAGGCT_TGTGACTG_R1	84.15031684133561	58.0	251.0	251	27.27272727272727	196944.0
13915_11671_187921_KTY92_Plate1_E12_S1_GATAGGCT_TGTGACTG_R2	87.43754569826956	56.0	251.0	251	27.27272727272727	196944.0
13915_11671_187921_KTY92_Plate1_F05_B1_CGCTCTAT_CGTTGCAA_R1	84.40221939803477	57.0	251.0	251	36.36363636363637	129044.0
13915_11671_187921_KTY92_Plate1_F05_B1_CGCTCTAT_CGTTGCAA_R2	87.4639657791141	55.0	251.0	251	27.27272727272727	129044.0
13915_11671_187921_KTY92_Plate1_F06_B9_TATCGGTC_ATCCGGTA_R1	84.88358661053496	57.0	251.0	251	36.36363636363637	155824.0
13915_11671_187921_KTY92_Plate1_F06_B9_TATCGGTC_ATCCGGTA_R2	88.47032549543074	55.0	251.0	251	36.36363636363637	155824.0
13915_11671_187921_KTY92_Plate1_F07_G7_AACGTCTG_GCGTCATT_R1	84.57897253360251	58.0	251.0	251	36.36363636363637	188230.0
13915_11671_187921_KTY92_Plate1_F07_G7_AACGTCTG_GCGTCATT_R2	86.0388885937417	55.0	251.0	251	27.27272727272727	188230.0
13915_11671_187921_KTY92_Plate1_F08_G15_ACGTTCAG_GCACAACT_R1	85.71943510423672	56.0	251.0	251	27.27272727272727	185875.0
13915_11671_187921_KTY92_Plate1_F08_G15_ACGTTCAG_GCACAACT_R2	87.65406859448554	54.0	251.0	251	27.27272727272727	185875.0
13915_11671_187921_KTY92_Plate1_F09_G23_CAGTCCAA_GATTACCG_R1	84.99198342768769	57.0	251.0	251	36.36363636363637	140958.0
13915_11671_187921_KTY92_Plate1_F09_G23_CAGTCCAA_GATTACCG_R2	84.72169014883866	54.0	251.0	251	36.36363636363637	140958.0
13915_11671_187921_KTY92_Plate1_F10_G31_TTGCAGAC_ACCACGAT_R1	88.03460588770415	55.0	251.0	251	36.36363636363637	161591.0
13915_11671_187921_KTY92_Plate1_F10_G31_TTGCAGAC_ACCACGAT_R2	89.85153876144092	53.0	251.0	251	36.36363636363637	161591.0
13915_11671_187921_KTY92_Plate1_F11_M4_CAATGTGG_GTCGAAGA_R1	88.1181755972747	56.0	251.0	251	36.36363636363637	168055.0
13915_11671_187921_KTY92_Plate1_F11_M4_CAATGTGG_GTCGAAGA_R2	87.39460295736515	54.0	251.0	251	27.27272727272727	168055.0
13915_11671_187921_KTY92_Plate1_F12_S2_ACTCCATC_CCTTGATC_R1	70.32141712087207	58.0	251.0	251	36.36363636363637	124760.0
13915_11671_187921_KTY92_Plate1_F12_S2_ACTCCATC_CCTTGATC_R2	85.58352035908945	56.0	251.0	251	27.27272727272727	124760.0
13915_11671_187921_KTY92_Plate1_G05_B2_ACTAGGAG_GTGCCATA_R1	83.49595631064693	57.0	251.0	251	36.36363636363637	148503.0
13915_11671_187921_KTY92_Plate1_G05_B2_ACTAGGAG_GTGCCATA_R2	84.92825060773183	55.0	251.0	251	27.27272727272727	148503.0
13915_11671_187921_KTY92_Plate1_G06_B10_GTAGGAGT_CTTAGGAC_R1	82.77256576486722	56.0	251.0	251	36.36363636363637	128336.0
13915_11671_187921_KTY92_Plate1_G06_B10_GTAGGAGT_CTTAGGAC_R2	89.05217553920957	55.0	251.0	251	36.36363636363637	128336.0
13915_11671_187921_KTY92_Plate1_G07_G8_CCTGATTG_AACTGAGC_R1	78.27993785277401	57.0	251.0	251	36.36363636363637	152541.0
13915_11671_187921_KTY92_Plate1_G07_G8_CCTGATTG_AACTGAGC_R2	87.32406369435103	55.0	251.0	251	27.27272727272727	152541.0
13915_11671_187921_KTY92_Plate1_G08_G16_ATGCACGA_GACGATCT_R1	86.7730299968493	55.0	251.0	251	27.27272727272727	184086.0
13915_11671_187921_KTY92_Plate1_G08_G16_ATGCACGA_GACGATCT_R2	83.37027258998512	53.0	251.0	251	36.36363636363637	184086.0
13915_11671_187921_KTY92_Plate1_G09_G24_CGACGTTA_ATCCAGAG_R1	87.08621933098098	57.0	251.0	251	36.36363636363637	206601.0
13915_11671_187921_KTY92_Plate1_G09_G24_CGACGTTA_ATCCAGAG_R2	88.56733510486396	55.0	251.0	251	27.27272727272727	206601.0
13915_11671_187921_KTY92_Plate1_G10_G32_TACGCCTT_AGAGTAGC_R1	70.96258022991793	57.0	251.0	251	36.36363636363637	111866.0
13915_11671_187921_KTY92_Plate1_G10_G32_TACGCCTT_AGAGTAGC_R2	84.63429460247082	55.0	251.0	251	27.27272727272727	111866.0
13915_11671_187921_KTY92_Plate1_G11_M5_CCGTAAGA_TGGACTCT_R1	89.10350415945533	56.0	251.0	251	36.36363636363637	227073.0
13915_11671_187921_KTY92_Plate1_G11_M5_CCGTAAGA_TGGACTCT_R2	89.23429910205088	54.0	251.0	251	36.36363636363637	227073.0
13915_11671_187921_KTY92_Plate1_G12_S3_ATCACACG_TACGCTAC_R1	78.78083096448158	58.0	251.0	251	27.27272727272727	174135.0
13915_11671_187921_KTY92_Plate1_G12_S3_ATCACACG_TACGCTAC_R2	86.79472822809889	56.0	251.0	251	27.27272727272727	174135.0
13915_11671_187921_KTY92_Plate1_H05_B3_GTTCTCGT_ACGGAACA_R1	82.87932064560559	58.0	251.0	251	27.27272727272727	219267.0
13915_11671_187921_KTY92_Plate1_H05_B3_GTTCTCGT_ACGGAACA_R2	88.12498004715712	55.0	251.0	251	27.27272727272727	219267.0
13915_11671_187921_KTY92_Plate1_H06_G1_TCAGGCTT_CGCATGAT_R1	85.72599029346134	56.0	251.0	251	27.27272727272727	207489.0
13915_11671_187921_KTY92_Plate1_H06_G1_TCAGGCTT_CGCATGAT_R2	89.08327670382526	54.0	251.0	251	27.27272727272727	207489.0
13915_11671_187921_KTY92_Plate1_H07_G9_CCTTGTAG_TTCCAAGG_R1	86.36261588080362	56.0	251.0	251	27.27272727272727	182623.0
13915_11671_187921_KTY92_Plate1_H07_G9_CCTTGTAG_TTCCAAGG_R2	86.3379749538667	53.0	251.0	251	27.27272727272727	182623.0
13915_11671_187921_KTY92_Plate1_H08_G17_GAACATCG_CTTGTCGA_R1	86.01642775737047	56.0	251.0	251	27.27272727272727	220237.0
13915_11671_187921_KTY92_Plate1_H08_G17_GAACATCG_CTTGTCGA_R2	87.34000190703651	54.0	251.0	251	27.27272727272727	220237.0
13915_11671_187921_KTY92_Plate1_H09_G25_TAACCGGT_GAGACGAT_R1	89.0180350372879	55.0	251.0	251	36.36363636363637	232381.0
13915_11671_187921_KTY92_Plate1_H09_G25_TAACCGGT_GAGACGAT_R2	90.22381347872674	52.0	251.0	251	36.36363636363637	232381.0
13915_11671_187921_KTY92_Plate1_H10_G33_AACCGTTC_TGAGCTAG_R1	85.68820688003542	58.0	251.0	251	27.27272727272727	221307.0
13915_11671_187921_KTY92_Plate1_H10_G33_AACCGTTC_TGAGCTAG_R2	88.783454658009	55.0	251.0	251	27.27272727272727	221307.0
13915_11671_187921_KTY92_Plate1_H11_V1_TGGTACAG_ACTCTCGA_R1	85.05455891476505	57.0	251.0	251	36.36363636363637	191811.0
13915_11671_187921_KTY92_Plate1_H11_V1_TGGTACAG_ACTCTCGA_R2	85.82980121056664	55.0	251.0	251	27.27272727272727	191811.0
13915_11671_187921_KTY92_Plate1_H12_S4_ATATGCGC_CTGATCGT_R1	80.88646361155966	58.0	251.0	251	27.27272727272727	89795.0
13915_11671_187921_KTY92_Plate1_H12_S4_ATATGCGC_CTGATCGT_R2	84.7162982348683	56.0	251.0	251	27.27272727272727	89795.0
